,lemma,query_term,lang,wd_prefLabel,wd_aliases,wd_descr,wd_qt_total
0,politionele actie,politionele acties,nl,1,0,0,1
1,politionele actie,politionele actie,nl,2,1,0,3
2,birma,birma,nl,35,11,3,49
3,exotisch,exotische,nl,24,0,2,26
4,exotisch,exotischere,nl,0,0,0,0
5,exotisch,exotischer,nl,3,0,0,3
6,exotisch,exotisch,nl,11,2,6,19
7,handicap,handicaps,nl,1,0,1,2
8,handicap,handicap,nl,31,5,10,46
9,medicijnman,medicijnmannen,nl,0,0,0,0
10,medicijnman,medicijnman,nl,5,1,3,9
11,lilliputter,lilliputters,nl,0,0,0,0
12,lilliputter,lilliputter,nl,1,2,0,3
13,homo,homo's,nl,0,0,2,2
14,homo,homo,nl,83,28,3121,3232
15,mongool,mongools,nl,26,5,49,80
16,mongool,mongolen,nl,10,1,0,11
17,mongool,mongool,nl,0,1,0,1
18,jap,japs,nl,1,0,0,1
19,jap,jappen,nl,1,0,0,1
20,jap,jap,nl,24,3,0,27
21,islamiet,islamieten,nl,0,1,0,1
22,islamiet,islamiet,nl,0,1,0,1
23,westers,westersere,nl,0,0,0,0
24,westers,westerse,nl,34,16,29,79
25,westers,westerser,nl,0,0,0,0
26,westers,wester,nl,100,27,49,176
27,westers,westerste,nl,0,0,0,0
28,westers,westerst,nl,0,0,0,0
29,westers,westers,nl,5,1,2,8
30,etniciteit,etniciteiten,nl,0,0,0,0
31,etniciteit,etniciteit,nl,2,2,10,14
32,homoseksualiteit,homoseksualiteit,nl,20,1,4,25
33,neger,negers,nl,3,2,0,5
34,neger,neger,nl,27,3,8,38
35,bediende,bedienden,nl,13,1,0,14
36,bediende,bediendes,nl,0,0,0,0
37,bediende,bediend,nl,5,0,5,10
38,bediende,bediende,nl,59,5,139,203
39,hermafrodiet,hermafrodieten,nl,0,0,0,0
40,hermafrodiet,hermafrodiet,nl,4,1,0,5
41,inuk,inuit,nl,14,4,3,21
42,inuk,inuk,nl,4,1,0,5
43,indiaan,indiaans,nl,2,2,6,10
44,indiaan,indianen,nl,21,6,12,39
45,indiaan,indiaan,nl,9,0,9165,9174
46,afkomst,afkomsten,nl,0,0,0,0
47,afkomst,afkomst,nl,4,12,126,142
48,blank,blankst,nl,0,0,0,0
49,blank,blanke,nl,25,5,4,34
50,blank,blankste,nl,0,0,0,0
51,blank,blankere,nl,0,0,0,0
52,blank,blanker,nl,3,0,0,3
53,blank,blanks,nl,6,0,1,7
54,blank,blanken,nl,18,3,2,23
55,blank,blank,nl,75,13,28,116
56,bombay,bombay,nl,82,20,105,207
57,knecht,knechten,nl,4,0,0,4
58,knecht,knechts,nl,5,1,0,6
59,knecht,knecht,nl,52,6,4,62
60,jappenkamp,jappenkampen,nl,0,1,0,1
61,jappenkamp,jappenkamp,nl,3,0,3,6
62,homoseksueel,homoseksueels,nl,0,0,0,0
63,homoseksueel,homoseksuelen,nl,3,0,3,6
64,homoseksueel,homoseksueelst,nl,0,0,0,0
65,homoseksueel,homoseksueelste,nl,0,0,0,0
66,homoseksueel,homoseksueler,nl,0,0,0,0
67,homoseksueel,homoseksuelere,nl,0,0,0,0
68,homoseksueel,homoseksuele,nl,6,1,3,10
69,homoseksueel,homoseksueel,nl,2,3,5,10
70,stam,stammen,nl,13,7,12,32
71,stam,stam,nl,43,13,149,205
72,oriëntaals,oriëntaal,nl,0,0,0,0
73,oriëntaals,oriëntaalsere,nl,0,0,0,0
74,oriëntaals,oriëntaler,nl,0,0,0,0
75,oriëntaals,oriëntaalste,nl,0,0,0,0
76,oriëntaals,oriëntaalser,nl,0,0,0,0
77,oriëntaals,oriëntale,nl,0,0,0,0
78,oriëntaals,oriëntalere,nl,0,0,0,0
79,oriëntaals,oriëntaalse,nl,5,1,0,6
80,oriëntaals,oriëntaalst,nl,0,0,0,0
81,oriëntaals,oriëntaals,nl,10,1,3,14
82,batavia,batavia,nl,89,21,44,154
83,halfbloed,halfbloeden,nl,0,0,0,0
84,halfbloed,halfbloed,nl,4,1,0,5
85,boslandcreool,boslandcreolen,nl,0,0,0,0
86,boslandcreool,boslandcreool,nl,0,1,0,1
87,queer,queer,nl,71,0,28,99
88,zigeuner,zigeuners,nl,17,5,0,22
89,zigeuner,zigeuner,nl,11,1,0,12
90,bosneger,bosnegers,nl,0,1,0,1
91,bosneger,bosneger,nl,0,1,0,1
92,ontwikkelingsland,ontwikkelingslanden,nl,1,3,5,9
93,ontwikkelingsland,ontwikkelingsland,nl,1,0,1,2
94,zwart,zwartste,nl,0,0,0,0
95,zwart,zwarten,nl,6,1,0,7
96,zwart,zwartst,nl,0,0,0,0
97,zwart,zwartere,nl,0,0,0,0
98,zwart,zwarte,nl,732,176,68,976
99,zwart,zwarter,nl,0,0,0,0
100,zwart,zwarts,nl,7,10,1,18
101,zwart,zwart,nl,312,49,162,523
102,traditioneel,traditioneelste,nl,0,0,0,0
103,traditioneel,traditioneels,nl,0,0,0,0
104,traditioneel,traditioneelst,nl,0,0,0,0
105,traditioneel,traditionelere,nl,0,0,0,0
106,traditioneel,traditionele,nl,287,40,129,456
107,traditioneel,traditioneler,nl,0,0,0,0
108,traditioneel,traditioneel,nl,99,20,139,258
109,mesties,mestiezen,nl,0,1,0,1
110,mesties,mesties,nl,2,0,0,2
111,primitief,primitieve,nl,18,3,4,25
112,primitief,primitiefste,nl,0,0,0,0
113,primitief,primitievere,nl,0,0,0,0
114,primitief,primitiefst,nl,0,0,0,0
115,primitief,primitiefs,nl,0,0,0,0
116,primitief,primitiever,nl,0,0,0,0
117,primitief,primitief,nl,9,5,3,17
118,ontdekken,ontdekken,nl,14,0,1,15
119,koppensneller,koppensnellers,nl,2,0,0,2
120,koppensneller,koppensneller,nl,0,0,0,0
121,lagelonenland,lagelonenlanden,nl,0,0,0,0
122,lagelonenland,lagelonenland,nl,1,0,0,1
123,inlander,inlanders,nl,2,0,0,2
124,inlander,inlander,nl,2,2,10,14
125,dwerg,dwergen,nl,15,7,4,26
126,dwerg,dwerg,nl,49,13,73,135
127,gay,gaye,nl,14,5,111,130
128,gay,gayer,nl,7,0,0,7
129,gay,gayst,nl,0,0,0,0
130,gay,gays,nl,16,0,6,22
131,gay,gayste,nl,0,0,0,0
132,gay,gay,nl,262,30,124,416
133,baboe,baboes,nl,0,0,0,0
134,baboe,baboe,nl,2,1,0,3
135,indisch,indische,nl,249,74,112,435
136,indisch,indischere,nl,0,0,0,0
137,indisch,indischer,nl,1,0,0,1
138,indisch,indisch,nl,70,37,31,138
139,berber,berbers,nl,8,0,1,9
140,berber,berber,nl,18,2,0,20
141,pygmee,pygmeeën,nl,3,0,1,4
142,pygmee,pygmee,nl,0,1,0,1
143,gekleurd,gekleurdste,nl,0,0,0,0
144,gekleurd,gekleurde,nl,9,0,9,18
145,gekleurd,gekleurdst,nl,0,0,0,0
146,gekleurd,gekleurder,nl,0,0,0,0
147,gekleurd,gekleurds,nl,0,0,0,0
148,gekleurd,gekleurdere,nl,0,0,0,0
149,gekleurd,gekleurd,nl,3,0,6,9
150,roots,roots,nl,164,7,62,233
151,kaukasisch,kaukasischer,nl,0,0,0,0
152,kaukasisch,kaukasischere,nl,0,0,0,0
153,kaukasisch,kaukasische,nl,18,12,2,32
154,kaukasisch,kaukasisch,nl,6,4,45,55
155,achterlijk,achterlijkst,nl,0,0,0,0
156,achterlijk,achterlijkste,nl,0,0,0,0
157,achterlijk,achterlijker,nl,0,0,0,0
158,achterlijk,achterlijkheid,nl,0,0,0,0
159,achterlijk,achterlijkere,nl,0,0,0,0
160,achterlijk,achterlijken,nl,0,0,0,0
161,achterlijk,achterlijke,nl,0,0,0,0
162,achterlijk,achterlijks,nl,0,0,0,0
163,achterlijk,achterlijk,nl,1,0,0,1
164,mulat,mulatten,nl,1,1,0,2
165,mulat,mulat,nl,7,1,0,8
166,ras,rast,nl,31,1,0,32
167,ras,rassere,nl,0,0,0,0
168,ras,rassen,nl,10,4,5,19
169,ras,rasse,nl,5,0,0,5
170,ras,rasser,nl,2,0,0,2
171,ras,raste,nl,1,0,0,1
172,ras,ras,nl,542,38,83,663
173,etnische groep,etnische groepen,nl,3,0,1,4
174,etnische groep,etnische groep,nl,4,1,9240,9245
175,eerste wereld,eerste wereld,nl,1,0,0,1
176,aboriginal,aboriginals,nl,1,2,3,6
177,aboriginal,aboriginal,nl,44,5,8,57
178,travestiet,travestieten,nl,0,0,0,0
179,travestiet,travestiet,nl,0,1,3,4
180,barbaar,barbaren,nl,3,1,0,4
181,barbaar,barbaar,nl,5,0,0,5
182,derde wereld,derde wereld,nl,5,0,0,5
183,slaaf,slaven,nl,29,2,9,40
184,slaaf,slaaf,nl,14,5,26,45
185,primitivisme,primitivismen,nl,0,0,0,0
186,primitivisme,primitivisme,nl,1,1,0,2
187,eskimo,eskimo's,nl,3,0,1,4
188,eskimo,eskimo,nl,62,5,28,95
189,page,pages,nl,41,51,8,100
190,page,page,nl,13,8,2,23
191,zuid-rhodesië,zuid-rhodesië,nl,11,0,6,17
192,inboorling,inboorlingen,nl,0,0,0,0
193,inboorling,inboorling,nl,1,0,0,1
194,hottentot,hottentotten,nl,0,1,0,1
195,hottentot,hottentot,nl,0,1,0,1
196,calcutta,calcutta,nl,129,47,269,445
197,indo,indo's,nl,0,1,0,1
198,indo,indo,nl,71,21,66,158
199,mohammedaan,mohammedanen,nl,1,1,0,2
200,mohammedaan,mohammedaan,nl,0,1,0,1
201,madras,madras,nl,63,3,61,127
202,moor,moors,nl,38,2,19,59
203,moor,moren,nl,9,7,4,20
204,moor,moor,nl,498,30,116,644
205,gehandicapte,gehandicapten,nl,17,1,28,46
206,gehandicapte,gehandicapte,nl,3,4,3,10
207,koelie,koelies,nl,1,0,0,1
208,koelie,koelie,nl,1,0,0,1
209,volbloed,volbloeden,nl,0,0,0,0
210,volbloed,volbloed,nl,5,2,0,7
211,métis,metis,nl,20,2,8,30
212,métis,métis,nl,5,2,2,9
213,marron,marrons,nl,10,0,4,14
214,marron,marron,nl,18,2,11,31
215,kaffer,kaffers,nl,0,0,1,1
216,kaffer,kaffer,nl,2,0,0,2
217,allochtoon,allochtoons,nl,0,0,0,0
218,allochtoon,allochtoner,nl,0,0,0,0
219,allochtoon,allochtone,nl,2,0,0,2
220,allochtoon,allochtonere,nl,0,0,0,0
221,allochtoon,allochtoonst,nl,0,0,0,0
222,allochtoon,allochtoonste,nl,0,0,0,0
223,allochtoon,allochtonen,nl,1,0,0,1
224,allochtoon,allochtoon,nl,2,1,0,3
225,tweede wereld,tweede wereld,nl,2,1,0,3
226,wit,wits,nl,11,3,0,14
227,wit,witten,nl,39,16,256,311
228,wit,witte,nl,1107,338,287,1732
229,wit,witter,nl,9,3,12,24
230,wit,wittere,nl,0,0,1,1
231,wit,witst,nl,0,0,0,0
232,wit,witste,nl,1,0,0,1
233,wit,wit,nl,487,79,8952,9518
234,inheems,inheemsere,nl,0,0,0,0
235,inheems,inheemste,nl,0,0,0,0
236,inheems,inheemse,nl,36,10,32,78
237,inheems,inheemst,nl,0,0,0,0
238,inheems,inheemser,nl,0,0,0,0
239,inheems,inheems,nl,9,1,31,41
240,trans,transen,nl,0,0,0,0
241,trans,trans,nl,348,56,40,444
