lemma,term,lang,wd_prefLabel,wd_aliases,wd_description,total
batavia,batavias,en,0,0,0,0
batavia,batavia,en,208,51,213,472
southern rhodesia,southern rhodesia,en,271,13,19,303
madras,madras,en,433,100,343,876
low-income countries,low-income country,en,5,0,0,5
low-income countries,low-income countries,en,7,2,0,9
headhunter,headhunters,en,24,2,5,31
headhunter,headhunter,en,24,6,2,32
immigrant,immigrants,en,447,35,137,619
immigrant,immigrant,en,411,53,218,682
barbarian,barbarians,en,122,20,18,160
barbarian,barbarian,en,142,30,28,200
moor,moors,en,247,52,114,413
moor,moor,en,3088,276,826,4190
indian,indians,en,2360,352,203,2915
indian,indian,en,1278,433,8137,9848
homo,homos,en,3,0,0,3
homo,homo,en,121,63,6248,6432
exotic,exotics,en,4,0,1,5
exotic,exotic,en,311,68,90,469
allochtoon,allochtoons,en,0,0,0,0
allochtoon,allochtoon,en,1,0,0,1
medicine man,medicine men,en,10,0,1,11
medicine man,medicine man,en,52,5,18,75
third world,third world,en,98,11,17,126
servant,servants,en,869,43,103,1015
servant,servant,en,585,106,8020,8711
hottentot,hottentots,en,11,3,2,16
hottentot,hottentot,en,12,3,1,16
gypsy,gypsies,en,129,22,12,163
gypsy,gypsys,en,10,0,0,10
gypsy,gypsy,en,547,80,90,717
coolie,coolies,en,11,0,9,20
coolie,coolie,en,18,2,1,21
white,whitest,en,5,0,0,5
white,whiter,en,32,17,3,52
white,whites,en,461,53,55,569
white,white,en,4106,1829,1657,7592
caucasian,caucasians,en,12,1,0,13
caucasian,caucasian,en,432,108,152,692
kaffir,kaffirs,en,2,1,0,3
kaffir,kaffir,en,11,6,3,20
descent,descent,en,8313,137,1105,9555
mohammedan,mohammedans,en,4,0,0,4
mohammedan,mohammedan,en,34,6,4,44
mongoloid,mongoloids,en,0,0,0,0
mongoloid,mongoloid,en,9,3,2,14
discover,discover,en,213,39,61,313
homosexual,homosexuals,en,13,7,13,33
homosexual,homosexual,en,79,60,206,345
baboo,baboos,en,0,0,0,0
baboo,baboo,en,17,9,4,30
pygmy,pygmys,en,0,0,0,0
pygmy,pygmy,en,55,6,20,81
page,pages,en,738,170,295,1203
page,page,en,78,126,253,457
bush negro,bush negroes,en,0,0,0,0
bush negro,bush negros,en,0,0,0,0
bush negro,bush negro,en,0,0,1,1
second world,second world,en,237,29,664,930
native,natives,en,175,22,58,255
native,native,en,2404,386,2849,5639
bombay,bombays,en,0,0,0,0
bombay,bombay,en,487,109,383,979
negro,negros,en,445,106,326,877
negro,negroes,en,87,19,7,113
negro,negro,en,2223,295,826,3344
berber,berbers,en,48,4,8,60
berber,berber,en,223,38,195,456
mulatto,mulattos,en,1,0,0,1
mulatto,mulattoes,en,1,0,2,3
mulatto,mulatto,en,31,5,16,52
disabled,disableds,en,0,0,0,0
disabled,disabled,en,848,70,206,1124
roots,roots,en,870,126,360,1356
mestizo,mestizoes,en,0,0,0,0
mestizo,mestizos,en,11,1,0,12
mestizo,mestizo,en,27,7,11,45
developing nations,developing nation,en,1,0,0,1
developing nations,developing nations,en,31,0,6,37
western,westerns,en,52,5,11,68
western,western,en,2771,3307,6295,12373
aboriginal,aboriginals,en,5,7,9,21
aboriginal,aboriginal,en,683,144,1161,1988
transvestite,transvestites,en,4,1,3,8
transvestite,transvestite,en,9,3,17,29
eskimo,eskimos,en,90,4,4,98
eskimo,eskimoes,en,0,0,0,0
eskimo,eskimo,en,189,48,70,307
hermaphrodite,hermaphrodites,en,3,2,1,6
hermaphrodite,hermaphrodite,en,41,2,40,83
gay,gayest,en,1,1,0,2
gay,gays,en,68,18,17,103
gay,gayer,en,20,8,1,29
gay,gay,en,1598,749,1158,3505
indo,indos,en,4,2,0,6
indo,indo,en,3812,134,496,4442
oriental,orientals,en,25,1,0,26
oriental,oriental,en,2677,357,2642,5676
colored,coloreds,en,0,0,0,0
colored,colored,en,9424,79,162,9665
inuit,inuits,en,1,1,2,4
inuit,inuit,en,154,18,275,447
black,blacks,en,311,52,24,387
black,blacker,en,48,20,6,74
black,blackest,en,8,1,0,9
black,black,en,5054,1969,2281,9304
queer,queers,en,24,8,5,37
queer,queerest,en,1,0,0,1
queer,queerer,en,1,0,0,1
queer,queer,en,506,107,191,804
calcutta,calcuttas,en,0,0,0,0
calcutta,calcutta,en,542,194,367,1103
ethnic groups,ethnic group,en,126,12,3967,4105
ethnic groups,ethnic groups,en,502,16,122,640
maroon,maroons,en,307,19,7,333
maroon,maroon,en,148,21,90,259
trans,transs,en,0,0,0,0
trans,trans,en,4804,2338,2101,9243
half-breed,half-breeds,en,1,0,0,1
half-breed,half-breed,en,42,0,0,42
lilliputian,lilliputians,en,2,0,1,3
lilliputian,lilliputian,en,6,2,0,8
dwarf,dwarfer,en,0,0,0,0
dwarf,dwarves,en,46,6,11,63
dwarf,dwarfs,en,89,25,68,182
dwarf,dwarfest,en,0,0,0,0
dwarf,dwarf,en,430,105,8660,9195
half-blood,half-bloods,en,0,0,0,0
half-blood,half-blood,en,46,1,1,48
burma,burma,en,1203,228,759,2190
race,races,en,1397,131,515,2043
race,race,en,2935,413,6656,10004
handicap,handicaps,en,19,5,1,25
handicap,handicap,en,485,25,22,532
primitive,primitives,en,37,6,9,52
primitive,primitive,en,570,205,355,1130
retarded,retarded,en,48,13,6,67
footmen,footman,en,40,1,8,49
footmen,footmen,en,8,0,2,10
slave,slaves,en,359,40,121,520
slave,slave,en,1119,242,1259,2620
first world,first world,en,289,24,532,845
ethnicity,ethnicities,en,11,1,16,28
ethnicity,ethnicity,en,511,35,175,721
primitivism,primitivism,en,24,2,1,27
indigenous,indigenous,en,1707,301,2702,4710
traditional,traditionals,en,0,0,0,0
traditional,traditional,en,1986,513,5749,8248
full blood,full blood,en,2,5,1,8
métis,metis,en,50,34,37,121
métis,métis,en,70,18,123,211
tribe,tribes,en,808,118,352,1278
tribe,tribe,en,1285,353,2764,4402
politionele actie,politionele acties,nl,1,0,0,1
politionele actie,politionele actie,nl,2,1,0,3
birma,birma,nl,35,11,3,49
exotisch,exotische,nl,24,0,2,26
exotisch,exotischere,nl,0,0,0,0
exotisch,exotischer,nl,3,0,0,3
exotisch,exotisch,nl,11,2,6,19
handicap,handicaps,nl,1,0,1,2
handicap,handicap,nl,31,5,10,46
medicijnman,medicijnmannen,nl,0,0,0,0
medicijnman,medicijnman,nl,5,1,3,9
lilliputter,lilliputters,nl,0,0,0,0
lilliputter,lilliputter,nl,1,2,0,3
homo,homo's,nl,0,0,2,2
homo,homo,nl,83,28,3121,3232
mongool,mongools,nl,26,5,49,80
mongool,mongolen,nl,10,1,0,11
mongool,mongool,nl,0,1,0,1
jap,japs,nl,1,0,0,1
jap,jappen,nl,1,0,0,1
jap,jap,nl,24,3,0,27
islamiet,islamieten,nl,0,1,0,1
islamiet,islamiet,nl,0,1,0,1
westers,westersere,nl,0,0,0,0
westers,westerse,nl,34,16,29,79
westers,westerser,nl,0,0,0,0
westers,wester,nl,100,27,49,176
westers,westerste,nl,0,0,0,0
westers,westerst,nl,0,0,0,0
westers,westers,nl,5,1,2,8
etniciteit,etniciteiten,nl,0,0,0,0
etniciteit,etniciteit,nl,2,2,10,14
homoseksualiteit,homoseksualiteit,nl,20,1,4,25
neger,negers,nl,3,2,0,5
neger,neger,nl,27,3,8,38
bediende,bedienden,nl,13,1,0,14
bediende,bediendes,nl,0,0,0,0
bediende,bediend,nl,5,0,5,10
bediende,bediende,nl,59,5,139,203
hermafrodiet,hermafrodieten,nl,0,0,0,0
hermafrodiet,hermafrodiet,nl,4,1,0,5
inuk,inuit,nl,14,4,3,21
inuk,inuk,nl,4,1,0,5
indiaan,indiaans,nl,2,2,6,10
indiaan,indianen,nl,21,6,12,39
indiaan,indiaan,nl,9,0,9165,9174
afkomst,afkomsten,nl,0,0,0,0
afkomst,afkomst,nl,4,12,126,142
blank,blankst,nl,0,0,0,0
blank,blanke,nl,25,5,4,34
blank,blankste,nl,0,0,0,0
blank,blankere,nl,0,0,0,0
blank,blanker,nl,3,0,0,3
blank,blanks,nl,6,0,1,7
blank,blanken,nl,18,3,2,23
blank,blank,nl,75,13,28,116
bombay,bombay,nl,82,20,105,207
knecht,knechten,nl,4,0,0,4
knecht,knechts,nl,5,1,0,6
knecht,knecht,nl,52,6,4,62
jappenkamp,jappenkampen,nl,0,1,0,1
jappenkamp,jappenkamp,nl,3,0,3,6
homoseksueel,homoseksueels,nl,0,0,0,0
homoseksueel,homoseksuelen,nl,3,0,3,6
homoseksueel,homoseksueelst,nl,0,0,0,0
homoseksueel,homoseksueelste,nl,0,0,0,0
homoseksueel,homoseksueler,nl,0,0,0,0
homoseksueel,homoseksuelere,nl,0,0,0,0
homoseksueel,homoseksuele,nl,6,1,3,10
homoseksueel,homoseksueel,nl,2,3,5,10
stam,stammen,nl,13,7,12,32
stam,stam,nl,43,13,149,205
oriëntaals,oriëntaal,nl,0,0,0,0
oriëntaals,oriëntaalsere,nl,0,0,0,0
oriëntaals,oriëntaler,nl,0,0,0,0
oriëntaals,oriëntaalste,nl,0,0,0,0
oriëntaals,oriëntaalser,nl,0,0,0,0
oriëntaals,oriëntale,nl,0,0,0,0
oriëntaals,oriëntalere,nl,0,0,0,0
oriëntaals,oriëntaalse,nl,5,1,0,6
oriëntaals,oriëntaalst,nl,0,0,0,0
oriëntaals,oriëntaals,nl,10,1,3,14
batavia,batavia,nl,89,21,44,154
halfbloed,halfbloeden,nl,0,0,0,0
halfbloed,halfbloed,nl,4,1,0,5
boslandcreool,boslandcreolen,nl,0,0,0,0
boslandcreool,boslandcreool,nl,0,1,0,1
queer,queer,nl,71,0,28,99
zigeuner,zigeuners,nl,17,5,0,22
zigeuner,zigeuner,nl,11,1,0,12
bosneger,bosnegers,nl,0,1,0,1
bosneger,bosneger,nl,0,1,0,1
ontwikkelingsland,ontwikkelingslanden,nl,1,3,5,9
ontwikkelingsland,ontwikkelingsland,nl,1,0,1,2
zwart,zwartste,nl,0,0,0,0
zwart,zwarten,nl,6,1,0,7
zwart,zwartst,nl,0,0,0,0
zwart,zwartere,nl,0,0,0,0
zwart,zwarte,nl,732,176,68,976
zwart,zwarter,nl,0,0,0,0
zwart,zwarts,nl,7,10,1,18
zwart,zwart,nl,312,49,162,523
traditioneel,traditioneelste,nl,0,0,0,0
traditioneel,traditioneels,nl,0,0,0,0
traditioneel,traditioneelst,nl,0,0,0,0
traditioneel,traditionelere,nl,0,0,0,0
traditioneel,traditionele,nl,287,40,129,456
traditioneel,traditioneler,nl,0,0,0,0
traditioneel,traditioneel,nl,99,20,139,258
mesties,mestiezen,nl,0,1,0,1
mesties,mesties,nl,2,0,0,2
primitief,primitieve,nl,18,3,4,25
primitief,primitiefste,nl,0,0,0,0
primitief,primitievere,nl,0,0,0,0
primitief,primitiefst,nl,0,0,0,0
primitief,primitiefs,nl,0,0,0,0
primitief,primitiever,nl,0,0,0,0
primitief,primitief,nl,9,5,3,17
ontdekken,ontdekken,nl,14,0,1,15
koppensneller,koppensnellers,nl,2,0,0,2
koppensneller,koppensneller,nl,0,0,0,0
lagelonenland,lagelonenlanden,nl,0,0,0,0
lagelonenland,lagelonenland,nl,1,0,0,1
inlander,inlanders,nl,2,0,0,2
inlander,inlander,nl,2,2,10,14
dwerg,dwergen,nl,15,7,4,26
dwerg,dwerg,nl,49,13,73,135
gay,gaye,nl,14,5,111,130
gay,gayer,nl,7,0,0,7
gay,gayst,nl,0,0,0,0
gay,gays,nl,16,0,6,22
gay,gayste,nl,0,0,0,0
gay,gay,nl,262,30,124,416
baboe,baboes,nl,0,0,0,0
baboe,baboe,nl,2,1,0,3
indisch,indische,nl,249,74,112,435
indisch,indischere,nl,0,0,0,0
indisch,indischer,nl,1,0,0,1
indisch,indisch,nl,70,37,31,138
berber,berbers,nl,8,0,1,9
berber,berber,nl,18,2,0,20
pygmee,pygmeeën,nl,3,0,1,4
pygmee,pygmee,nl,0,1,0,1
gekleurd,gekleurdste,nl,0,0,0,0
gekleurd,gekleurde,nl,9,0,9,18
gekleurd,gekleurdst,nl,0,0,0,0
gekleurd,gekleurder,nl,0,0,0,0
gekleurd,gekleurds,nl,0,0,0,0
gekleurd,gekleurdere,nl,0,0,0,0
gekleurd,gekleurd,nl,3,0,6,9
roots,roots,nl,164,7,62,233
kaukasisch,kaukasischer,nl,0,0,0,0
kaukasisch,kaukasischere,nl,0,0,0,0
kaukasisch,kaukasische,nl,18,12,2,32
kaukasisch,kaukasisch,nl,6,4,45,55
achterlijk,achterlijkst,nl,0,0,0,0
achterlijk,achterlijkste,nl,0,0,0,0
achterlijk,achterlijker,nl,0,0,0,0
achterlijk,achterlijkheid,nl,0,0,0,0
achterlijk,achterlijkere,nl,0,0,0,0
achterlijk,achterlijken,nl,0,0,0,0
achterlijk,achterlijke,nl,0,0,0,0
achterlijk,achterlijks,nl,0,0,0,0
achterlijk,achterlijk,nl,1,0,0,1
mulat,mulatten,nl,1,1,0,2
mulat,mulat,nl,7,1,0,8
ras,rast,nl,31,1,0,32
ras,rassere,nl,0,0,0,0
ras,rassen,nl,10,4,5,19
ras,rasse,nl,5,0,0,5
ras,rasser,nl,2,0,0,2
ras,raste,nl,1,0,0,1
ras,ras,nl,542,38,83,663
etnische groep,etnische groepen,nl,3,0,1,4
etnische groep,etnische groep,nl,4,1,9240,9245
eerste wereld,eerste wereld,nl,1,0,0,1
aboriginal,aboriginals,nl,1,2,3,6
aboriginal,aboriginal,nl,44,5,8,57
travestiet,travestieten,nl,0,0,0,0
travestiet,travestiet,nl,0,1,3,4
barbaar,barbaren,nl,3,1,0,4
barbaar,barbaar,nl,5,0,0,5
derde wereld,derde wereld,nl,5,0,0,5
slaaf,slaven,nl,29,2,9,40
slaaf,slaaf,nl,14,5,26,45
primitivisme,primitivismen,nl,0,0,0,0
primitivisme,primitivisme,nl,1,1,0,2
eskimo,eskimo's,nl,3,0,1,4
eskimo,eskimo,nl,62,5,28,95
page,pages,nl,41,51,8,100
page,page,nl,13,8,2,23
zuid-rhodesië,zuid-rhodesië,nl,11,0,6,17
inboorling,inboorlingen,nl,0,0,0,0
inboorling,inboorling,nl,1,0,0,1
hottentot,hottentotten,nl,0,1,0,1
hottentot,hottentot,nl,0,1,0,1
calcutta,calcutta,nl,129,47,269,445
indo,indo's,nl,0,1,0,1
indo,indo,nl,71,21,66,158
mohammedaan,mohammedanen,nl,1,1,0,2
mohammedaan,mohammedaan,nl,0,1,0,1
madras,madras,nl,63,3,61,127
moor,moors,nl,38,2,19,59
moor,moren,nl,9,7,4,20
moor,moor,nl,498,30,116,644
gehandicapte,gehandicapten,nl,17,1,28,46
gehandicapte,gehandicapte,nl,3,4,3,10
koelie,koelies,nl,1,0,0,1
koelie,koelie,nl,1,0,0,1
volbloed,volbloeden,nl,0,0,0,0
volbloed,volbloed,nl,5,2,0,7
métis,metis,nl,20,2,8,30
métis,métis,nl,5,2,2,9
marron,marrons,nl,10,0,4,14
marron,marron,nl,18,2,11,31
kaffer,kaffers,nl,0,0,1,1
kaffer,kaffer,nl,2,0,0,2
allochtoon,allochtoons,nl,0,0,0,0
allochtoon,allochtoner,nl,0,0,0,0
allochtoon,allochtone,nl,2,0,0,2
allochtoon,allochtonere,nl,0,0,0,0
allochtoon,allochtoonst,nl,0,0,0,0
allochtoon,allochtoonste,nl,0,0,0,0
allochtoon,allochtonen,nl,1,0,0,1
allochtoon,allochtoon,nl,2,1,0,3
tweede wereld,tweede wereld,nl,2,1,0,3
wit,wits,nl,11,3,0,14
wit,witten,nl,39,16,256,311
wit,witte,nl,1107,338,287,1732
wit,witter,nl,9,3,12,24
wit,wittere,nl,0,0,1,1
wit,witst,nl,0,0,0,0
wit,witste,nl,1,0,0,1
wit,wit,nl,487,79,8952,9518
inheems,inheemsere,nl,0,0,0,0
inheems,inheemste,nl,0,0,0,0
inheems,inheemse,nl,36,10,32,78
inheems,inheemst,nl,0,0,0,0
inheems,inheemser,nl,0,0,0,0
inheems,inheems,nl,9,1,31,41
trans,transen,nl,0,0,0,0
trans,trans,nl,348,56,40,444
